(8,1009)
{1, 0, 0, 0, 0, 0, 0, 0, 0}
{0, 1, 0, 0, 0, 0, 0, 0, 0}
{0, 0, 1, 0, 0, 0, 0, 0, 0}
{0, 0, 0, 1, 0, 0, 0, 0, 0}
{0, 0, 0, 0, 1, 0, 0, 0, 0}
{0, 0, 0, 0, 0, 1, 0, 0, 0}
{0, 0, 0, 0, 0, 0, 1, 0, 0}
{0, 0, 0, 0, 0, 0, 0, 1, 0}
{0, 0, 0, 0, 0, 0, 0, 0, 1}
{1, 1, 1, 1, 1, 1, 1, 1, 1}
{314, 476, -256, 33, -145, 402, 43, -235, -158}
{351, 21, 106, 2, -46, 64, 304, -413, 117}
{-73, -243, 176, -489, -153, 84, 379, -188, 500}
{437, -231, -148, -132, -32, 340, 394, -54, 213}
{488, 441, 110, -129, -318, -452, -398, -143, -246}
{423, -60, 345, -30, 146, 411, -269, 358, -393}
{475, -66, 67, 139, -70, 113, -329, 374, 195}
{347, -51, 265, 443, -381, 171, 422, -308, 233}
{-144, 315, 405, -399, 196, -471, 61, 169, 183}
{94, 378, -250, 480, -269, 151, 494, 406, 201}
{-434, 453, 17, 435, -348, -374, 253, 424, 131}
{101, 396, 265, -11, -342, -56, 437, 457, 306}
{-472, -335, 70, 418, -411, -442, 381, -341, -33}
{482, -444, 217, 16, -409, 474, 437, 10, 466}
{-293, -407, -176, -254, 298, 136, 416, 386, -145}
{-188, -280, 343, 52, -199, -16, 94, -99, -381}
{153, 357, 422, -201, 503, -9, -376, -322, 210}
{423, 237, -69, 303, 123, 470, 306, -473, -183}
{159, 182, -129, -48, -184, -290, -129, 108, 8}
{-459, 289, -212, 58, -335, 475, -161, 429, 97}
{-51, -405, -212, 203, -108, 213, -255, -132, 429}
{-374, 453, 282, -236, 226, 312, -433, -132, 402}
{-265, -302, -346, 148, -4, -345, -371, 120, -369}
{8, -498, 145, -417, -51, -227, 420, 250, 496}
{-272, -111, -70, 44, 501, -248, 114, 18, 423}
{76, 112, -418, 386, 390, -238, -462, 455, 318}
{-233, 384, 131, -5, -472, -342, 136, -420, -433}
{-103, 42, 388, 389, 120, -313, -203, -282, 197}
{104, 317, 58, -11, 498, 264, -426, 391, -179}
{322, -28, 100, 286, -436, 410, 330, -281, -108}
{-72, 17, -31, -32, -262, -6, 395, 339, 87}
{-468, 383, -475, -392, -346, 371, 280, -440, 79}
{-247, 215, -413, 164, 88, 484, 473, -4, 433}
{-259, -404, -200, -361, 449, 164, 383, -162, -329}
{-391, -222, -2, 372, 401, 240, -48, 190, 47}
{472, -56, 257, 152, -1, -414, -492, -494, -496}
{-213, 197, -446, -128, -469, -284, -8, -244, -108}
{294, 291, 424, -44, -6, -107, -120, -385, -242}
{311, 384, -310, -290, 310, 355, -333, 113, -145}
{501, -74, 141, -139, 373, 54, -47, -41, 80}
{-39, 447, 393, -171, 14, -39, 205, -179, 497}
{468, -427, 300, -74, 347, 443, -406, -202, 360}
{50, 452, 258, -76, 107, 456, -361, -326, 204}
{502, 409, 365, -398, -222, -197, 190, 444, -497}
{-409, -394, -135, -386, -300, 30, 149, 209, -265}
{166, 164, -113, -500, 488, -315, 383, 347, -236}
{-190, -141, 451, -314, 34, -454, 259, -242, -24}
{-187, -196, 392, 422, -25, -501, -259, 279, -70}
{222, -343, 306, 361, -61, 161, 397, 360, -338}
{-303, 490, 1, 292, -328, -252, 235, 173, -191}
{-77, 33, 365, -144, 57, -182, 288, 417, -193}
{20, 158, -48, -187, 385, -204, 477, 270, 347}
{-272, 101, -265, -494, -389, 133, 198, -348, 328}
{496, -479, -287, 485, -259, -86, 435, 275, 318}
{-24, -76, -348, 396, -457, -372, 106, 48, 86}
{290, 407, 362, 121, -304, -102, -254, 491, 204}
{-152, 356, 424, 104, -17, 61, -137, -447, -131}
{-94, -72, -312, -271, -57, -332, -171, -412, -128}
{-448, -291, 245, 364, 162, -213, -217, 275, 269}
{-180, -422, -251, -39, -475, 94, 280, -497, 401}
{306, 416, 2, -262, -88, 46, 192, -150, 92}
{-289, -35, -439, 336, 496, 432, -44, 404, 427}
{123, -187, -360, 329, 142, 44, -436, -382, 455}
{175, -349, 491, -243, -191, 320, 147, 37, -346}
{77, 85, 75, -402, 439, 49, -289, -399, 430}
{410, -359, -32, 390, -380, 143, -49, -456, 394}
{-378, 76, 434, 312, -300, -68, 293, -300, -484}
{156, 388, 290, -449, 119, -338, 380, -163, -16}
{163, -134, -153, -327, -276, 410, 473, -329, 479}
{314, -329, -222, -181, -142, -20, -269, -285, -5}
{435, -151, -467, -93, -434, 121, 459, 107, -187}
{145, -278, 396, 357, -333, 302, -142, 404, -185}
{-150, -370, -299, 166, -293, -321, -404, 120, 3}
{-12, 343, -235, 434, 102, -106, 80, 55, -328}
{316, -66, 82, 385, 46, 394, -130, -9, -488}
{-43, -195, 149, -258, 46, -491, -496, -490, -287}
{164, -272, 366, 177, -426, 309, 468, -99, 321}
{270, -93, 322, 120, -242, -345, -240, 1, 43}
{-191, -363, -23, 178, -417, 155, 107, 295, -116}
{112, 274, -107, -249, -378, -375, -207, -216, -338}
{-428, 18, 203, 102, 181, 79, -302, 426, -263}
{-168, 87, 262, -174, -211, 468, 228, -126, -381}
{-209, 350, -12, -317, -104, -271, 378, 481, 291}
{-401, -352, -464, -249, 484, 299, 422, 86, -57}
{-219, 190, -127, -403, 194, 239, 280, 24, 336}
{-223, -115, 255, 21, 11, 66, -206, -34, 179}
{-443, 20, 371, 381, -155, 209, -365, 496, -145}
{-145, 362, -75, -221, 239, -280, 268, 461, -121}
{201, -449, 142, -337, 73, 22, -11, -117, 66}
{465, -12, -186, 308, -441, 299, 248, 244, 188}
{33, 95, -53, -283, 412, -489, 51, 208, -67}
{69, -50, -361, 70, -45, -378, 154, -177, -316}
{447, -432, 81, -244, -471, -379, -192, 280, -429}
{-21, 404, -15, 17, 469, 83, -191, 96, 248}
{358, 283, 161, -91, -297, -377, -45, -24, 103}
{-9, -155, -181, 88, 439, -80, -124, -109, -91}
{435, -228, 425, -407, -477, 154, -252, 162, 87}
{359, 41, 441, -125, -219, 352, -465, -204, -60}
{-265, 374, 242, 294, -100, 202, 181, -492, 257}
{355, -408, 488, -328, -292, -183, -106, -211, -236}
{-28, -375, -432, 214, -253, -167, -341, -219, 48}
{445, -400, -423, -387, -318, -384, -239, -303, -76}
{392, -19, -223, -361, -479, -375, -87, -126, -13}
{370, 266, 183, 432, -185, -435, 448, 198, 440}
{-199, 152, -464, 245, 301, -235, -70, 214, 281}
{-128, 107, 378, -334, -463, 441, -273, 365, -404}
{364, 165, 177, -265, -240, 95, -252, 410, 435}
{107, 271, 318, 365, -422, 284, 493, 166, 91}
{-442, -140, 189, 184, -341, 29, 101, -479, 68}
{-226, -270, 65, -220, -82, -133, 68, 22, -238}
{319, 141, -55, 32, -99, -208, -254, -25, 129}
{185, 107, 129, 113, 209, 96, -459, -464, -443}
{-324, 102, -262, -460, -116, -235, -143, -420, -428}
{-298, -282, 117, -266, 468, -463, 478, 452, -322}
{491, -383, -199, 208, 423, -76, 488, 171, -290}
{230, -190, -353, 311, -122, -279, 352, -191, -475}
{443, 245, 201, 348, -108, 293, -80, 101, -23}
{-231, 195, 27, -103, -497, 491, 495, 325, 172}
{194, -467, 503, -51, -197, 233, -103, 275, 405}
{-398, 255, -251, -135, -473, -237, -53, 210, -53}
{0, 319, -215, 270, -175, -484, 420, 459, 259}
{499, -11, -343, -416, 462, -136, 177, 100, -6}
{370, -421, -396, 334, -178, 168, 285, 206, 204}
{-364, -451, -306, -16, 285, -268, 431, -79, 13}
{317, -46, 166, 364, 13, 294, -120, 337, 285}
{196, -270, 289, -6, 271, 287, -308, 214, 453}
{-157, -323, 49, -374, 441, 53, 290, 228, 2}
{160, -406, -158, -283, -473, -386, -88, 327, -163}
{225, -46, -132, -183, 149, -297, 298, 19, -182}
{-16, 291, -340, 122, 293, -224, 265, 134, 314}
{466, 455, 78, -452, 339, -18, 297, -53, -434}
{451, 74, 64, 473, -450, 183, 282, 92, -213}
{183, 481, 248, 275, 247, -391, 383, -28, 236}
{482, -278, -131, -138, 182, -24, -252, 413, -274}
{-262, -457, -445, -169, 83, 4, -445, -265, 249}
{218, 28, -29, -27, 175, -37, 371, -187, -277}
{-466, -211, -70, 228, -75, -371, 427, -170, 93}
{433, 442, 288, -470, 367, -237, -423, -449, 239}
{-16, -340, 50, -404, 233, -286, 228, 15, -340}
{-4, 242, 147, -280, -102, 311, -81, 255, -361}
{-490, 247, 400, 319, 468, 37, 291, 420, -471}
{-257, 176, 435, 412, -264, 484, -252, -357, -87}
{-341, -299, -47, -146, 484, -121, 406, 68, 2}
{-309, -180, -209, 85, 371, -223, -289, 280, 62}
{-269, -326, -451, 336, 186, -422, 194, 113, -61}
{-212, -180, -299, -476, -40, 61, 82, 438, -60}
{-269, -304, -178, 282, -204, 385, 169, 131, 448}
{157, 232, 292, 353, 349, 2, 159, 214, 82}
{328, -486, -396, -196, -419, -215, -248, -221, -14}
{-473, 225, -335, 252, -242, 74, -64, 460, -278}
{-349, 288, 275, -297, 122, -445, -174, -244, -231}
{-476, 450, -335, -495, 158, 13, -446, -114, -259}
{371, -151, -474, 102, -205, 256, 449, -487, -150}
{240, 201, -385, -131, 245, -273, -493, 303, 85}
{-176, -351, -444, -434, -23, -26, 289, -76, 468}
{335, -72, -434, 7, 133, 438, -242, 407, -306}
{377, -497, -460, 299, 38, -78, -319, -292, -144}
{71, -233, -261, -113, -270, 386, -323, -80, 228}
