(8,1009)
{1, 0, 0, 0, 0, 0, 0, 0, 0}
{0, 1, 0, 0, 0, 0, 0, 0, 0}
{0, 0, 1, 0, 0, 0, 0, 0, 0}
{0, 0, 0, 1, 0, 0, 0, 0, 0}
{0, 0, 0, 0, 1, 0, 0, 0, 0}
{0, 0, 0, 0, 0, 1, 0, 0, 0}
{0, 0, 0, 0, 0, 0, 1, 0, 0}
{0, 0, 0, 0, 0, 0, 0, 1, 0}
{0, 0, 0, 0, 0, 0, 0, 0, 1}
{1, 1, 1, 1, 1, 1, 1, 1, 1}
{477, -48, -338, 479, -381, -409, 392, -275, 378}
{-49, -25, -463, -169, 12, 500, 247, 58, -312}
{-238, 240, -71, -218, 215, -399, -403, -311, -8}
{-125, -444, -341, -371, 498, 412, -384, -375, 352}
{394, -144, 63, -244, -23, 29, -314, -31, 120}
{405, -30, 47, 247, 199, 231, -487, 400, 143}
{-64, -53, 209, -352, -235, 282, 227, 213, 477}
{281, -12, -341, 356, 323, 156, 372, -109, -98}
{-232, -123, 437, 185, 119, 281, 10, -483, -69}
{286, 124, 118, -3, 159, -338, 208, 460, -431}
{-116, -174, 126, -66, 2, -226, 81, -132, 317}
{464, -213, 225, -385, -455, 283, -436, 373, -78}
{143, 326, 189, 466, -188, -342, -39, -349, 460}
{-265, 461, -74, 134, 485, 208, -455, 357, 409}
{-265, 97, 212, 503, -197, 361, -243, -53, -458}
{120, 144, 486, -422, 142, 337, -424, -327, 77}
{-162, -434, -357, 326, 50, -447, 235, 114, -358}
{115, -184, -280, 65, 230, -392, -19, 152, 2}
{-160, 367, -13, 271, 135, -25, -111, -76, -476}
{18, -171, -383, -330, 430, 418, -471, 357, -125}
{441, 35, 112, 214, -487, 42, 364, -232, -203}
{-399, 266, 244, 301, -69, 202, 365, -140, -275}
{-272, -148, 122, 15, -445, -169, 440, -284, 9}
{-274, -105, -233, -174, -306, -215, 312, 402, 113}
{190, 376, -58, -101, 489, 120, 468, -160, -218}
{375, 479, 432, 238, -279, 308, -4, 232, -40}
{-80, 436, 294, 289, -74, -328, 334, 470, 103}
{121, -86, -12, 462, 425, -182, -497, 381, 48}
{-426, 195, -162, 237, 482, -329, -35, 448, -469}
{-256, -304, 162, 298, -470, -12, 147, 487, 128}
{297, 499, -460, 435, 228, 417, 476, -405, -465}
{240, 283, 240, -209, 233, -177, -428, -435, 101}
{498, 290, 354, -200, 223, -212, 126, -81, 10}
{421, -244, -159, 212, 154, -140, -245, -51, 437}
{-13, 294, -213, 457, 479, -484, -341, -355, -411}
{-105, 433, -99, 173, -142, 238, 170, 424, -151}
{153, 504, -375, -5, -228, -154, 415, -350, 297}
{324, -192, -452, 401, -4, 5, 403, -425, 142}
{-101, -91, 170, 179, 196, 63, -188, 362, -125}
{417, 416, -82, 308, -40, 295, -164, -166, -410}
{-311, 314, 140, -8, -111, 217, 53, 265, -138}
{272, -115, -379, -72, 15, -209, -165, -231, 2}
{-191, -380, 199, 292, 458, -194, -288, -288, -165}
{390, 216, -133, 158, -501, 437, 324, -383, 434}
{-99, -204, -281, 40, 472, 412, -36, -484, -174}
{-51, -337, 382, -295, -349, 181, 481, -436, -160}
{-433, -199, 413, 397, 72, -56, 192, 205, 150}
{171, -190, 352, -108, 482, 93, 244, 215, 420}
{314, -260, -17, 269, 59, 268, 425, -15, 362}
{-268, 113, -218, -212, -206, 375, 36, 220, 110}
{-298, -75, -479, 155, 437, -313, -352, -247, 77}
{-181, 257, 441, 135, 193, -147, 271, 407, -159}
{-302, 249, -42, -149, 96, 20, 103, -241, -450}
{-263, -233, 154, -270, 247, 406, 44, -460, -240}
{182, 136, 330, -436, 432, -467, 423, -234, 210}
{-237, 463, -234, -230, 172, 61, 309, -337, 135}
{-102, 498, -338, 204, -250, -49, -422, 379, -360}
{208, 195, -178, 270, -342, -181, 10, -195, -344}
{460, 209, -83, 301, -434, -213, 75, -463, 284}
{449, -414, 93, -257, 231, -319, 153, 168, -374}
{447, 244, -355, 193, 429, 481, 495, 238, 358}
{-497, -144, 205, 264, -371, -251, 275, -171, -278}
{364, -491, -10, -61, 204, 475, -265, 392, 283}
{420, 42, -416, 386, 319, -381, -460, 186, -276}
{-126, 58, 62, -279, -303, 280, -323, 85, -98}
{-411, -404, -298, 484, 400, -238, 76, 211, 208}
{-50, -264, 494, 133, 43, -308, -242, -52, -135}
{-295, -399, -453, 47, 287, -36, -399, 300, 11}
{-162, 63, 443, -81, 253, 228, 368, 240, -403}
{18, 127, 433, -416, 491, 487, 464, -238, -354}
{145, -394, 304, -316, 131, -490, -467, -182, -359}
{-21, -332, -405, -253, 89, 231, -220, 221, -81}
{-260, 326, -405, 204, 98, 209, 284, -54, -336}
{-291, 393, -36, -494, -328, -132, -198, 296, 383}
{-274, -95, 46, 331, 389, 485, -148, -266, 477}
{360, -83, -274, 138, -497, -175, 51, 348, -457}
{-233, 378, -328, -344, -252, 190, -333, -170, 2}
{-105, 125, 99, 482, 25, -214, -254, -313, 357}
{475, 486, 73, -287, -62, -443, -102, 123, 363}
{-317, 408, 360, 254, -366, -452, 30, -173, -374}
{340, 377, 184, 99, 277, 53, -336, -237, -249}
{375, -64, -344, -176, -200, -206, -273, 246, -183}
{439, 101, -345, 283, -194, 448, 413, -59, -113}
{-73, 65, -115, -165, -48, 467, 480, 337, -230}
{309, 298, -95, 346, 495, -177, -129, -399, 49}
{-218, -467, 280, 129, 225, 404, -94, -54, 124}
{195, 258, -11, 41, -29, -367, -194, 219, 426}
{480, 152, -49, 96, 331, -341, 266, 241, -4}
{-494, 290, 213, 343, -169, -143, -444, -328, 316}
{-337, -276, -11, -393, 335, 261, 480, -279, -22}
{375, -152, -387, 485, 415, 438, -79, -270, -445}
{-206, -103, 427, 76, 478, -213, 410, 1, 109}
{-247, -206, 305, 455, 310, -119, -155, -283, -44}
{334, 215, -440, 320, 187, -354, 37, -14, -405}
{339, 256, -287, 446, -328, -35, 135, -389, -445}
{-198, -68, -88, -245, -125, -233, 383, -354, 247}
{40, 68, 43, 247, -335, -328, 486, -53, -293}
{291, 187, -5, -73, 73, -254, 17, 173, -379}
{41, -26, 110, 103, 436, -463, 248, -44, -324}
{401, 43, -141, -166, 248, 441, 339, 412, 90}
{-177, 15, -193, 438, 374, 7, 411, 183, 378}
{497, -129, -253, -12, -340, -280, -87, -44, -386}
{-29, -5, 173, 13, 324, -331, -82, 163, 256}
{-66, -64, -292, 312, -185, 16, 93, 104, -388}
{-205, -172, 366, 131, 465, -185, -496, -331, -482}
{166, -207, 54, 252, 214, 349, 90, -229, 422}
{-298, -18, 314, 413, 115, 102, -164, 358, -151}
{-26, 402, 253, -208, -59, 401, -379, 119, 383}
{-260, -344, 263, 476, -26, -61, -323, 250, -110}
{67, 422, 339, -398, -220, 0, -427, 111, 65}
{-311, 138, 408, -244, -301, -254, -226, -441, -264}
{-254, 196, -491, -90, 191, -23, -243, -456, 96}
{-268, 123, 57, -435, -419, 270, 364, -347, -275}
{289, 390, 224, 162, -141, 247, -305, -167, 159}
{-187, -113, 25, -42, 203, 319, -149, 396, 217}
{-413, -140, -175, -318, 379, -190, 495, 283, 224}
{-119, -222, -183, 427, -294, 257, 55, 62, -326}
{376, 49, 117, 358, 278, 311, -345, 366, 345}
{463, 332, -255, -243, -281, -177, -58, 138, -287}
{-440, 294, -345, -91, 488, 367, -481, 194, 390}
{-90, 69, -76, -403, 230, 26, -64, -379, -42}
{72, 321, -150, 114, -419, -305, -257, -431, -133}
{147, 156, -191, -175, 374, -353, 128, 415, 448}
{159, 164, 307, -290, 75, -55, -305, 359, -269}
{-29, -190, -90, 437, -123, 236, 430, 109, -285}
{66, -456, 248, 181, -340, 189, -104, 305, -57}
{57, -80, 230, 432, -273, -241, -260, 74, 398}
{-299, -446, -378, 65, 457, 314, -208, 339, 82}
{39, -395, -230, -142, -34, -414, -339, -226, -283}
{-142, -197, -347, 394, -462, -458, 341, -133, 38}
{259, 344, 478, 33, -122, 295, -4, 447, 352}
{-142, 461, -297, -330, -260, -465, -475, 498, 277}
{406, 38, 40, 420, -349, -31, -276, 152, -209}
{-18, 10, 483, 308, -443, 305, 231, -198, -49}
{399, -70, 108, 258, -504, 348, -410, -283, 80}
{193, 344, 419, -59, 57, 334, -480, -26, 362}
{152, 75, 447, -46, -430, -391, -318, 352, -268}
{147, -299, -441, 230, -294, 175, 482, 369, -87}
{53, -14, -327, 17, 231, 179, 248, -275, 389}
{-178, -248, -212, 156, 224, 488, 412, -144, 324}
{66, 344, -276, -14, 197, 118, -247, -114, 240}
{21, -254, 467, -370, -222, -45, 25, -392, 243}
{-249, -327, 427, -278, -19, 298, -91, 232, 340}
{122, -43, 415, 439, 281, 152, -460, 412, -324}
{-179, 319, 126, 123, -183, 277, -2, 301, -89}
{435, -133, -77, 321, 451, 154, 449, -183, -73}
{304, 360, -345, -500, -211, -333, -447, 430, -185}
{399, -74, 272, 319, -452, 3, 460, 359, -193}
{-463, 479, -226, 275, -208, 17, -323, -386, -204}
{54, -354, 414, -22, -243, 350, -303, -256, -144}
{4, 31, 1, 209, 389, -75, -432, -143, -134}
{403, -166, -320, 357, 409, -63, -220, 256, 251}
{-392, -219, 179, -297, -241, -293, -313, -348, 487}
{344, -135, 118, 221, -190, 403, -245, 388, -201}
{140, 38, -252, -85, 76, -26, 228, 254, 367}
{-172, -45, -481, 152, -38, 283, 448, -377, 24}
{-332, 269, -443, 27, -238, -324, 87, -31, 172}
{368, -61, 219, 419, 346, -313, -187, -359, -419}
{-12, -72, -107, 42, 486, -166, 364, -62, 48}
{23, 102, -183, -243, -221, 198, -80, 227, 89}
