(8,1009)
{1, 0, 0, 0, 0, 0, 0, 0, 0}
{0, 1, 0, 0, 0, 0, 0, 0, 0}
{0, 0, 1, 0, 0, 0, 0, 0, 0}
{0, 0, 0, 1, 0, 0, 0, 0, 0}
{0, 0, 0, 0, 1, 0, 0, 0, 0}
{0, 0, 0, 0, 0, 1, 0, 0, 0}
{0, 0, 0, 0, 0, 0, 1, 0, 0}
{0, 0, 0, 0, 0, 0, 0, 1, 0}
{0, 0, 0, 0, 0, 0, 0, 0, 1}
{1, 1, 1, 1, 1, 1, 1, 1, 1}
{235, 473, -77, -470, -227, -476, -44, -259, 131}
{-263, 79, -280, -238, 483, 253, -295, -262, 44}
{-433, -266, -261, 459, 123, 413, 213, 399, -413}
{191, -241, -249, -221, -447, 444, -421, -346, 447}
{-46, 161, -266, -38, -410, -288, 232, 269, 246}
{-63, -488, 41, -267, 469, 392, -30, -490, 291}
{306, -327, -37, -325, 379, 375, -401, 220, 31}
{-324, 406, -166, -321, 397, 318, -213, 132, 397}
{-327, 358, -315, -481, -248, 78, 62, 305, -72}
{182, -84, -293, -168, 446, -391, -78, 156, 176}
{488, 244, -191, -267, 447, 406, 318, 280, -445}
{311, 29, -101, -389, 393, -28, -287, 487, 361}
{-187, 333, 323, 318, -437, -251, 235, 306, 268}
{365, 244, 312, 76, 282, -263, 247, -412, -39}
{-280, 7, -53, 439, 142, -174, -293, -204, 417}
{-132, 336, 195, -218, -291, 219, -379, 328, 180}
{248, -333, 243, 141, 209, -337, -28, 401, -174}
{355, -177, 377, -42, 180, 403, 124, 330, -472}
{152, 261, -38, -186, 416, -394, -169, -329, 233}
{-396, 406, 337, -228, 352, -432, -453, 33, 221}
{40, -291, 499, -392, -301, -183, 50, 38, 340}
{-489, 347, 288, -471, -180, 172, 167, -278, -47}
{329, 195, 275, 13, -17, 12, 459, 473, 276}
{-371, -164, -245, 248, -473, -121, 10, -388, 5}
{-55, -42, 322, -449, 271, 193, -412, 171, 334}
{107, 497, -114, 27, -261, 65, -429, -125, 434}
{176, -287, -419, -452, -25, 349, -136, 264, 342}
{-214, -299, 283, -374, -344, 369, -103, -36, -310}
{-151, 486, -238, -410, -232, 376, 371, 47, 425}
{101, 10, -237, 218, -439, -469, -236, 170, -254}
{469, 165, -342, -12, 36, -46, 168, -270, 229}
{-56, -327, -78, 474, -97, 338, -323, -483, -234}
{-79, -154, 425, 87, 391, -502, -386, -325, -337}
{5, -456, 278, -271, 293, 287, 462, -34, -420}
{265, 104, 414, 287, 441, -89, -63, 294, -105}
{-459, -182, -106, 276, 392, -218, 502, -437, -353}
{-285, 269, 371, -411, 221, 146, -305, 467, 118}
{231, -415, -202, 132, 187, 184, 274, -90, -148}
{-388, -349, -408, 87, -82, 37, -315, -477, 293}
{-164, 114, 396, -208, 54, -327, 392, -159, 124}
{-297, 238, 412, -126, 89, -492, -218, 90, 39}
{-475, 255, 434, 357, 177, 345, 412, 83, 494}
{361, -301, 490, -222, -481, 158, -369, -86, -133}
{-277, -472, -428, -126, -89, 116, -428, -233, 282}
{35, 441, -269, -157, -315, 79, -311, 436, -108}
{-345, -363, -177, 259, -145, -252, -291, -144, -405}
{-394, 57, 302, 318, 386, -293, 136, 334, -77}
{25, -21, 130, 8, 489, -43, -131, 103, -421}
{192, 209, 210, -6, -386, -144, -200, 339, -238}
{-300, -369, 335, -221, 383, -275, -463, 237, -46}
{-190, 450, -281, -91, -202, 489, -334, -350, 47}
{-135, -290, -394, -310, 378, -122, -364, 50, 448}
{-382, 33, 46, -458, -34, -302, -76, -434, -281}
{-408, 324, -368, 75, 453, 249, -474, -131, 486}
{-357, 192, 318, 189, 98, 390, -318, -182, -67}
{-173, 93, 130, -53, -473, 326, 47, -190, -292}
{-495, -126, 113, -148, 479, 17, -116, 357, -454}
{223, -271, 386, 30, 371, -26, 42, -36, -88}
{317, 142, -383, 435, 451, 236, -164, 144, -155}
{-381, 25, 270, 138, 63, -35, -115, -410, 281}
{-262, -48, -85, -353, -293, -200, 174, -169, 185}
{-268, 120, 247, 247, -20, -372, 246, 266, 315}
{451, 261, -327, 68, -75, -473, 66, -488, -491}
{166, -363, 345, -314, 493, 138, -53, 368, -110}
{-202, 464, 51, -252, 99, -163, 53, -66, -452}
{-342, 415, 134, -402, -93, 184, -237, 62, -230}
{70, 169, -287, 493, 376, 497, 293, -254, -324}
{379, -136, 131, 291, 373, 419, -217, 441, 6}
{470, -160, 323, -193, -492, -348, 318, 357, 407}
{-101, -371, 271, -308, -153, -280, -217, 304, -258}
{222, 194, 267, 491, 452, 47, -26, 359, 153}
{-242, 476, 15, -397, 155, -457, 58, -183, 270}
{-362, -45, 332, 304, -323, -191, 324, 333, 54}
{194, -119, -365, -359, -302, 450, -31, 365, -239}
{-108, 236, -97, -196, 173, 402, -391, -260, -207}
{-296, 243, 14, 201, 350, -359, 377, -3, 24}
{157, -75, 426, 400, -2, -367, -274, 308, -453}
{391, 308, 409, -162, -7, -262, 377, -162, -491}
{-64, 56, -498, -332, 161, -466, -158, 373, -449}
{-224, -344, -498, 456, -469, 211, 478, 321, 322}
{-415, -50, -111, -365, 136, 345, 222, 81, 106}
{351, 47, -459, 359, 388, 228, -54, -360, -380}
{-164, -410, 296, 433, 13, 211, -398, -448, -485}
{444, -348, 65, 202, 126, 124, -326, 392, -431}
{144, -451, 299, 306, 270, -401, -58, -413, -319}
{-59, -106, 462, -374, 400, 287, -168, -236, -134}
{146, -156, 494, -233, 78, -62, -358, 358, 181}
{340, -491, -38, -88, -3, -448, 271, -394, 41}
{-429, 304, -50, 236, 22, 256, -308, 207, 352}
{-486, -17, -412, -409, 375, 131, 93, 398, -183}
{325, 13, -485, -15, -415, -394, 190, 91, -83}
{496, 248, -55, -355, -91, -424, 309, -342, 324}
{-337, 130, -302, -188, -22, 258, 268, 139, -246}
{490, -108, -31, 152, -447, 324, -88, -27, 402}
{310, -295, -353, -39, -173, 226, -369, -249, -61}
{478, 59, 83, -259, -165, 349, 269, -316, 478}
{101, 16, 259, -191, 387, 478, 99, -214, 487}
{-312, -146, 79, 388, -201, 242, 116, -200, -241}
{-446, 185, -179, -273, -31, 421, -501, 20, -195}
{-132, 95, 231, 450, 432, -477, -58, 411, -250}
{-14, 365, -306, 434, 299, 330, 389, 461, 476}
{-292, -310, -160, 387, -137, 474, -52, 362, -211}
{-501, -362, -44, 89, -390, -367, 334, 133, 258}
{237, 127, 68, 16, 392, -284, -300, -74, -172}
{134, 294, -35, 404, 334, 7, 21, 289, -373}
{112, -15, -43, 36, -452, 12, 397, 69, -259}
{-299, 382, 137, 401, -169, 422, -137, 79, -302}
{-208, -292, -272, 282, 244, 103, 279, 60, -96}
{82, -243, -52, 139, 107, -157, -464, 30, -466}
{230, -27, 267, -80, -463, -95, 93, -379, 123}
{-360, 494, 273, 303, -146, 198, -132, -121, -338}
{-306, 356, 91, 296, 224, 361, 206, 371, 459}
{-441, -470, -499, 97, -365, 284, -404, -420, -397}
{-365, -483, 474, 54, -450, -317, 318, -208, 262}
{169, -4, 1, 271, 13, -256, 141, -426, -148}
{114, -502, -478, -308, 65, 169, 352, -14, 140}
{-333, -173, -445, -154, 454, -112, 48, -115, 475}
{461, -468, 163, -149, 207, 447, 81, -338, 429}
{91, -398, -382, -75, 472, -358, -428, 210, 107}
{-239, -444, -480, -216, 128, -374, -286, -443, -384}
{248, 11, 226, 491, -332, -106, 261, 425, 117}
{421, -423, -343, -388, -125, -23, -487, -157, 145}
{336, -204, -416, -464, 144, 154, -90, -26, 103}
{-260, 191, 278, 437, 278, 293, 267, 307, 381}
{66, 140, -261, 34, 22, 95, -95, 183, -441}
{459, -342, 297, -160, -366, 46, -3, -401, -484}
{-16, -29, -94, 380, 423, -417, -101, -282, -354}
{-237, 128, 119, -373, 366, 384, -113, 206, -247}
{-25, 466, -361, 141, 448, -355, 342, -98, -381}
{-235, -28, 375, 117, 216, -262, -211, -114, -254}
{161, -281, -493, -152, -135, -8, 360, 487, 171}
{477, -39, -216, 442, -150, -69, 338, 160, 89}
{237, 390, -299, -254, 347, -54, -468, -455, 421}
{300, -82, -123, 345, -27, -1, -249, -462, 29}
{436, -223, 284, -138, -420, -392, -283, -326, -51}
{-484, -392, 189, -304, 246, 59, -497, -47, -443}
{379, -266, -74, 167, 69, 314, 151, -428, 365}
{-75, -39, -17, 260, 178, 456, -292, -214, 243}
{-192, -202, -225, -488, -272, 415, -222, -337, -387}
{-434, 436, -46, -305, 124, -214, 246, -253, -223}
{325, 18, 407, -89, -7, -50, 260, 56, 29}
{99, 256, -410, 385, 435, 128, -102, 35, 230}
{-486, 461, 10, -304, 129, -137, -195, 6, 352}
{377, -149, -179, -395, 18, 340, 172, 13, -362}
{245, -443, -94, 283, 441, -273, -497, 385, -272}
{-315, 108, 12, 51, -425, -412, -211, 146, -288}
{486, 383, -425, 349, -333, -349, 408, -134, -223}
{86, -376, 339, 285, 200, 226, -423, 477, 310}
{-216, 408, 471, -292, 60, 207, -290, -195, -20}
{40, 401, -368, -171, 225, 43, -30, 490, 408}
{220, -208, -68, 128, -236, 93, -187, -260, -487}
{421, 297, -470, -333, -294, 492, -152, 301, 107}
{-390, 215, -143, -104, -427, 227, -411, 81, -401}
{219, 470, 422, -196, 180, 339, -150, 155, 257}
{-382, -14, 308, -55, -302, 301, 349, 170, 320}
{-72, 92, 133, -117, -48, 412, 387, -62, -316}
{327, -427, -61, 305, 498, 339, 415, -78, -163}
