(8,1009)
{1, 0, 0, 0, 0, 0, 0, 0, 0}
{0, 1, 0, 0, 0, 0, 0, 0, 0}
{0, 0, 1, 0, 0, 0, 0, 0, 0}
{0, 0, 0, 1, 0, 0, 0, 0, 0}
{0, 0, 0, 0, 1, 0, 0, 0, 0}
{0, 0, 0, 0, 0, 1, 0, 0, 0}
{0, 0, 0, 0, 0, 0, 1, 0, 0}
{0, 0, 0, 0, 0, 0, 0, 1, 0}
{0, 0, 0, 0, 0, 0, 0, 0, 1}
{1, 1, 1, 1, 1, 1, 1, 1, 1}
{-142, -334, 124, -202, -364, 46, 366, -377, 182}
{-420, 144, -132, -489, -460, 504, -449, 25, 317}
{42, -325, -97, 353, -339, -352, -265, 93, 311}
{-406, 284, -169, -467, -225, -113, -436, -399, 268}
{-164, 418, 152, 57, 117, -95, 194, 374, -45}
{-36, 251, 387, -73, -79, 371, -211, -76, 231}
{-255, 378, 310, -109, 3, 439, -390, -491, 218}
{-9, 438, -130, -27, -504, -189, -491, 119, 111}
{11, -423, 488, 256, -83, 429, -249, 397, -494}
{236, -178, -224, 298, -417, -373, -249, -349, -205}
{-67, 266, 337, -104, -111, 64, -201, -345, -451}
{-159, 501, -148, -220, -110, -9, -424, 407, -339}
{292, -210, 308, -194, 210, 284, -441, 118, -282}
{449, 403, 155, 77, -268, -45, -297, 147, 159}
{338, -275, 249, -436, 227, 425, -131, -154, 441}
{-325, -311, -495, -371, -348, 352, 34, 282, 460}
{205, -421, -459, 401, 408, -146, 144, 99, -428}
{258, -308, -456, 275, 463, 52, -155, 117, -382}
{-164, -485, -106, 385, -300, -249, 444, 292, 364}
{312, -110, 352, 314, -384, 302, -207, 440, -220}
{-28, -390, 271, -422, 7, -92, -88, 397, 154}
{-36, 495, 76, -454, -35, -196, 427, -480, 160}
{207, 303, -312, -441, 0, -186, 377, 423, 360}
{378, -205, -445, 194, 290, 286, -108, 204, -313}
{-110, 449, 401, 278, 169, 119, 59, 356, -290}
{329, 410, -486, -120, -282, -255, -63, 386, -241}
{360, -89, 282, 46, 416, -160, -193, -207, 78}
{4, -417, -25, 316, -105, -58, -320, -314, 364}
{-224, 408, 52, -452, 46, -455, -303, 24, -294}
{7, -375, -362, -260, -239, -476, -257, 142, 117}
{-11, 371, 366, 141, 305, 273, -63, 73, -26}
{-141, 257, -363, 47, 502, -390, -356, -245, -80}
{-8, 32, 127, -374, -128, -270, 98, 426, -184}
{93, -495, 26, 26, -169, -442, -214, -301, -497}
{-434, -272, -91, 312, 257, -392, -142, 318, 404}
{136, -365, 44, -103, 204, -402, 450, 42, 196}
{-345, -428, 366, -302, -20, -37, -167, -55, -172}
{59, 47, -181, 251, -175, 430, -211, 425, 131}
{208, -459, -64, -367, 13, -139, 398, -277, -318}
{433, -465, 369, 472, 463, -282, -370, 358, 154}
{492, -276, -456, -233, -188, -423, -337, -77, -460}
{437, -12, -317, -310, 497, -455, 360, 480, 318}
{-487, -44, -46, 56, 150, 112, -467, 219, 256}
{-413, -295, -331, -124, -78, 179, -343, 440, -415}
{260, 322, -144, 214, 42, -142, -478, 25, 246}
{257, 446, 283, 268, -330, 128, -73, 289, 147}
{279, 56, -271, 200, -324, -250, -307, -108, -2}
{364, -402, -167, 170, 58, -447, 500, -241, 430}
{311, 487, -440, 137, -61, 435, 278, -6, -49}
{236, -383, -370, 76, 469, -268, 20, 322, -161}
{-349, 11, 295, -402, 58, 206, -35, -418, -346}
{80, -201, 232, 96, -47, 359, 474, 263, 428}
{-452, 145, 103, -388, -474, 286, -435, -205, -122}
{-81, -61, 336, 152, 344, 429, -42, 363, 257}
{-180, -457, 422, 108, 490, 201, -495, 103, -78}
{-216, -340, -411, 66, 229, 260, -59, -492, 20}
{239, -320, 161, -291, 38, 174, 482, 449, -287}
{116, 253, 165, 329, 249, -275, -220, -311, 377}
{-330, -290, -369, 251, 498, -93, -89, 135, 140}
{-73, -451, -319, -424, 332, 216, -287, 198, 77}
{155, -259, -104, -203, 45, -7, 258, 466, -110}
{261, 241, -145, -147, 42, 321, 364, 308, -376}
{-493, -448, 499, -182, 388, -17, -2, -439, -78}
{66, 228, -200, -88, 357, 403, 353, -447, -407}
{-164, 78, -180, -262, -12, 334, 464, 352, -22}
{-1, -247, -6, -275, 322, 214, 16, -492, -418}
{20, -167, -102, -258, -345, 76, 489, 274, -338}
{222, -502, -422, 408, -143, -252, -217, 492, 288}
{-51, -83, 435, 338, -99, -22, 36, -322, 485}
{-336, 221, 90, 98, -202, 441, -79, -467, 454}
{-308, -100, 477, 126, 298, 150, 366, -215, 139}
{-95, 15, -12, -350, -242, 4, -364, 219, 60}
{-269, 177, 335, -398, -325, 90, -67, -243, 411}
{391, 475, 467, -432, -458, -115, -390, -332, -200}
{433, -99, 12, 109, 273, -253, 227, 358, -149}
{326, -210, -314, 472, 319, -32, 103, 118, -170}
{-266, 174, 89, 118, -324, 481, -358, -143, -328}
{132, 289, 356, 480, 365, -453, -228, 469, 33}
{-205, 39, 36, 289, 238, 62, 291, 134, 158}
{-148, 283, -380, -175, -60, -330, -6, 136, 385}
{124, 203, 46, 239, 166, -355, -357, 38, -323}
{-487, 458, -166, 72, -400, -230, -49, -109, -441}
{165, -112, 349, 122, 41, 200, 318, -26, -248}
{391, 20, 110, -60, 480, 477, -337, 396, 434}
{279, -237, 423, 385, -177, 98, -31, 488, -8}
{479, 368, 112, 101, 390, -348, 218, 228, 229}
{104, 135, -190, -32, 72, 399, -237, 261, 362}
{81, -289, -439, 500, 30, -255, -203, 497, -171}
{-280, -435, -449, -465, -358, 415, -348, -397, -442}
{-86, -168, 472, -57, -438, -490, 59, 503, 187}
{-422, 427, -148, -91, -210, 127, -76, -173, 493}
{351, 302, 346, 10, -483, 355, -294, 164, 480}
{181, -99, 211, -266, 429, -493, 280, -363, -307}
{-300, -283, 66, 166, 250, 109, -59, -78, 49}
{-1, 475, -177, -328, 36, 444, 208, -52, -477}
{-23, 406, -373, 302, -171, 101, 30, -351, -456}
{63, 10, 503, 353, -251, 245, 40, 378, -436}
{-233, 265, 316, -102, 39, -445, -3, 356, 258}
{-120, 68, 336, -308, -329, -381, -342, 412, -222}
{353, -285, 5, 149, -445, -373, 123, 418, 416}
{47, 351, 322, -23, 287, -25, -306, 152, 265}
{-352, -252, -338, 25, 431, 44, 476, -500, -180}
{337, -408, 169, -321, -178, -440, -237, -432, 234}
{266, -118, -195, 384, -266, 71, -363, -418, 183}
{-123, -125, -28, 448, -381, -15, -398, 280, 433}
{151, -421, 206, 358, -277, -114, 325, -441, 183}
{-111, 399, 384, -43, -226, -351, 274, 325, -12}
{-44, 278, -121, 221, -421, -173, -298, -204, -422}
{322, -20, 270, 196, 230, 129, 81, -498, 32}
{-418, 63, 272, -504, -289, 244, 7, -38, -117}
{-85, -74, 15, 304, 188, -348, -148, 315, -85}
{159, 192, 369, -358, 385, -81, -309, -40, 250}
{-258, -230, 204, -67, 89, 37, -200, -499, -421}
{217, -374, -123, 60, 152, -75, 430, -250, 274}
{72, 467, -413, -372, -241, -132, -473, -205, -420}
{358, -493, 59, 486, 317, -156, -358, -121, -359}
{160, 158, -207, 161, 219, 239, 486, -45, -406}
{111, 207, 261, 402, 481, 60, 385, -106, 19}
{-437, -406, -233, -403, 12, 498, -488, 223, 188}
{-351, 207, 17, 6, -259, -460, -453, 437, -346}
{-477, -472, 308, -78, -367, -63, -123, -169, 237}
{339, 474, -144, -320, -342, -294, -423, 304, 70}
{224, -149, -211, -322, -359, -1, 104, -347, 401}
{62, -382, 202, 435, 188, 330, -221, -392, 272}
{129, 325, 417, 25, 204, 133, -88, -77, -288}
{-49, -383, -356, 158, -481, -133, -360, -415, -301}
{307, -220, -192, 446, 495, 297, 181, -171, 257}
{23, -183, 327, 72, 120, 128, 424, 383, 400}
{-58, 468, -338, 439, -413, 118, 64, 433, -360}
{14, 286, 399, -489, 423, 102, 4, 451, 94}
{240, 344, -328, -177, -481, 145, -292, 42, 295}
{465, -332, 408, 167, 435, -27, 170, -502, -58}
{480, -24, 182, -323, -485, 171, 397, 466, -115}
{482, 157, 93, 318, -367, -91, -444, -319, -50}
{-341, -282, 266, 68, 131, 340, 263, 154, 411}
{-261, -170, -163, 269, -418, -494, -501, 392, 287}
{-121, 219, -178, -424, 233, -488, 391, 210, -335}
{381, 400, 55, 341, 81, 76, -111, -72, 303}
{412, -51, -169, 306, 318, 458, -229, -363, 451}
{325, 52, -300, 176, -200, 19, 105, 205, -320}
{76, 417, -23, 453, 402, -228, -406, 302, 21}
{-100, -15, -99, -256, 330, -227, -175, -245, -379}
{-303, 229, -218, 334, -309, -114, 489, 500, -149}
{-474, -52, -240, -212, -312, -147, 500, -39, -480}
{-134, 313, -176, 380, 213, -449, -384, 229, -172}
{358, 23, -40, -205, 144, -221, -32, 216, -51}
{-304, -347, -7, -59, -15, -478, -422, -461, 205}
{-67, 205, 20, -36, -360, -119, 15, 194, 32}
{-370, 164, 1, 159, -34, 423, -73, 22, 55}
{185, -9, -410, -390, -64, 272, 35, 128, 86}
{-440, 237, -467, -374, 400, -415, -256, 345, 399}
{-441, -245, 337, -356, -272, 203, -172, -354, -440}
{446, 7, -34, -442, -236, -9, 431, -306, -445}
{133, -39, 317, -79, -46, 194, -499, 252, -415}
{56, 332, -155, 265, 204, -250, -400, 162, -95}
{388, 259, 157, 229, -372, 504, 10, -277, -129}
{219, 420, -198, -369, -414, 136, 473, 82, -396}
{-217, 131, 479, -350, 374, 2, 464, 280, 294}
{412, -460, 167, 454, 477, 155, 434, 146, 406}
