r d e de
1 1 1 2
4 2 1 3
7 3 1 4
11 4 1 5
12 4 1 5
16 5 1 6
17 5 1 6
18 5 2 7
22 6 1 7
23 6 1 7
24 6 1 7
25 6 3 9
29 7 1 8
30 7 1 8
31 7 1 8
32 7 2 9
33 7 4 11
37 8 1 9
38 8 1 9
39 8 1 9
40 8 1 9
41 8 3 11
42 8 5 13
46 9 1 10
47 9 1 10
48 9 1 10
49 9 1 10
50 9 2 11
51 9 3 12
52 9 6 15
56 10 1 11
57 10 1 11
58 10 1 11
59 10 1 11
60 10 1 11
61 10 2 12
62 10 4 14
63 10 7 17
67 11 1 12
68 11 1 12
69 11 1 12
70 11 1 12
71 11 1 12
72 11 2 13
73 11 3 14
74 11 5 16
75 11 8 19
79 12 1 13
80 12 1 13
81 12 1 13
82 12 1 13
83 12 1 13
84 12 1 13
85 12 2 14
86 12 3 15
87 12 5 17
88 12 9 21
92 13 1 14
93 13 1 14
94 13 1 14
95 13 1 14
96 13 1 14
97 13 1 14
98 13 2 15
99 13 3 16
100 13 4 17
101 13 6 19
102 13 10 23
106 14 1 15
107 14 1 15
108 14 1 15
109 14 1 15
110 14 1 15
111 14 1 15
112 14 1 15
113 14 2 16
114 14 3 17
115 14 4 18
116 14 7 21
117 14 11 25
