r d e de
1 1 1 2
6 2 1 3
7 2 1 3
8 2 1 3
9 2 1 3
10 2 1 3
16 3 1 4
17 3 1 4
18 3 1 4
19 3 1 4
20 3 1 4
21 3 1 4
22 3 1 4
23 3 1 4
24 3 1 4
25 3 1 4
26 3 1 4
27 3 2 5
28 3 2 5
29 3 3 6
30 3 4 7
36 4 1 5
37 4 1 5
38 4 1 5
39 4 1 5
40 4 1 5
41 4 1 5
42 4 1 5
43 4 1 5
44 4 1 5
45 4 1 5
46 4 1 5
47 4 1 5
48 4 1 5
49 4 1 5
50 4 1 5
51 4 1 5
52 4 1 5
53 4 1 5
54 4 1 5
55 4 1 5
56 4 1 5
57 4 2 6
58 4 2 6
59 4 2 6
60 4 2 6
61 4 3 7
62 4 3 7
63 4 4 8
64 4 5 9
65 4 7 11
71 5 1 6
72 5 1 6
73 5 1 6
74 5 1 6
75 5 1 6
76 5 1 6
77 5 1 6
78 5 1 6
79 5 1 6
80 5 1 6
81 5 1 6
82 5 1 6
83 5 1 6
84 5 1 6
85 5 1 6
86 5 1 6
87 5 1 6
88 5 1 6
89 5 1 6
90 5 1 6
91 5 1 6
92 5 1 6
93 5 1 6
94 5 1 6
95 5 1 6
96 5 1 6
97 5 1 6
98 5 1 6
99 5 1 6
100 5 1 6
101 5 1 6
102 5 1 6
103 5 1 6
104 5 1 6
105 5 1 6
106 5 2 7
107 5 2 7
108 5 2 7
109 5 2 7
110 5 2 7
111 5 2 7
112 5 3 8
113 5 3 8
114 5 3 8
115 5 3 8
116 5 4 9
117 5 4 9
118 5 5 10
119 5 6 11
120 5 7 12
121 5 10 15
